000000000885
000000001000
000000001268
000000001296
000000001353
000000001425
000000001490
000000001503
000000001532
000000001584
000000001675
000000001818
000000001761
000000001993
000000002006
000000002149
000000002153
000000002157
000000002261
000000002473
000000002299
000000002431
000000002532
000000002587
000000002592
000000007108
000000007278
000000002685
000000002923
000000003156
000000003255
000000003501
000000007281
000000003553
000000007511
000000007386
000000007574
000000003661
000000003845
000000003934
000000004134
000000004395
000000007795
000000007784
000000007818
000000004495
000000007816
000000008762
000000008690
000000004765
000000008844
000000008899
000000004795
000000009378
000000005001
000000009448
000000005037
000000005060
000000009400
000000005193
000000008532
000000009483
000000005477
000000009769
000000009590
000000009772
000000008277
000000009914
000000011122
000000011197
000000007991
000000011051
000000005503
000000011149
000000010995
000000005529
000000011760
000000012062
000000010583
000000011699
000000012280
000000011511
000000010363
000000011813
000000012120
000000012576
000000012670
000000011615
000000012748
000000013177
000000013004
000000012639
000000012667
000000010707
000000007977
000000010977
000000010764
000000009891
000000013201
000000008629
000000005586
000000005600
000000010092
000000005992
000000008211
000000008021
000000006012
000000006040
000000006213
000000006460
000000006471
000000006614
000000006723
000000006763
000000006771
000000006818
000000006894
000000006954
000000007088
000000013291
000000013348
000000013546
000000013597
000000013659
